2024-09-19 11:26:25.569791: Connecting to MySQL Onepiece database
2024-09-19 11:26:25.584525: Connected to Onepiece database
2024-09-19 11:26:34.189127: Successfully update row 1 to MySQL table 'IMDB'
2024-09-19 11:26:34.198927: Successfully update row 2 to MySQL table 'IMDB'
2024-09-19 11:26:34.201928: Successfully update row 3 to MySQL table 'IMDB'
2024-09-19 11:26:34.204393: Successfully update row 4 to MySQL table 'IMDB'
2024-09-19 11:26:34.216767: Successfully update row 5 to MySQL table 'IMDB'
2024-09-19 11:26:34.223562: Successfully update row 6 to MySQL table 'IMDB'
2024-09-19 11:26:34.229840: Successfully update row 7 to MySQL table 'IMDB'
2024-09-19 11:26:34.235265: Successfully update row 8 to MySQL table 'IMDB'
2024-09-19 11:26:34.235265: Successfully update row 9 to MySQL table 'IMDB'
2024-09-19 11:26:34.246094: Successfully update row 10 to MySQL table 'IMDB'
2024-09-19 11:26:34.252274: Successfully update row 11 to MySQL table 'IMDB'
2024-09-19 11:26:34.252274: Successfully update row 12 to MySQL table 'IMDB'
2024-09-19 11:26:34.263697: Successfully update row 13 to MySQL table 'IMDB'
2024-09-19 11:26:34.268697: Successfully update row 14 to MySQL table 'IMDB'
2024-09-19 11:26:34.273512: Successfully update row 15 to MySQL table 'IMDB'
2024-09-19 11:26:34.282567: Successfully update row 16 to MySQL table 'IMDB'
2024-09-19 11:26:34.289126: Successfully update row 17 to MySQL table 'IMDB'
2024-09-19 11:26:34.289126: Successfully update row 18 to MySQL table 'IMDB'
2024-09-19 11:26:34.299106: Successfully update row 19 to MySQL table 'IMDB'
2024-09-19 11:26:34.300718: Successfully update row 20 to MySQL table 'IMDB'
2024-09-19 11:26:34.300718: Successfully update row 21 to MySQL table 'IMDB'
2024-09-19 11:26:34.315028: Successfully update row 22 to MySQL table 'IMDB'
2024-09-19 11:26:34.315028: Successfully update row 23 to MySQL table 'IMDB'
2024-09-19 11:26:34.331873: Successfully update row 24 to MySQL table 'IMDB'
2024-09-19 11:26:34.331873: Successfully update row 25 to MySQL table 'IMDB'
2024-09-19 11:26:34.331873: Successfully update row 26 to MySQL table 'IMDB'
2024-09-19 11:26:34.349940: Successfully update row 27 to MySQL table 'IMDB'
2024-09-19 11:26:34.350835: Successfully update row 28 to MySQL table 'IMDB'
2024-09-19 11:26:34.362632: Successfully update row 29 to MySQL table 'IMDB'
2024-09-19 11:26:34.368639: Successfully update row 30 to MySQL table 'IMDB'
2024-09-19 11:26:34.372459: Successfully update row 31 to MySQL table 'IMDB'
2024-09-19 11:26:34.380415: Successfully update row 32 to MySQL table 'IMDB'
2024-09-19 11:26:34.382280: Successfully update row 33 to MySQL table 'IMDB'
2024-09-19 11:26:34.389287: Successfully update row 34 to MySQL table 'IMDB'
2024-09-19 11:26:34.396873: Successfully update row 35 to MySQL table 'IMDB'
2024-09-19 11:26:34.401875: Successfully update row 36 to MySQL table 'IMDB'
2024-09-19 11:26:34.403507: Successfully update row 37 to MySQL table 'IMDB'
2024-09-19 11:26:34.415497: Successfully update row 38 to MySQL table 'IMDB'
2024-09-19 11:26:34.418767: Successfully update row 39 to MySQL table 'IMDB'
2024-09-19 11:26:34.418767: Successfully update row 40 to MySQL table 'IMDB'
2024-09-19 11:26:34.418767: Successfully update row 41 to MySQL table 'IMDB'
2024-09-19 11:26:34.432161: Successfully update row 42 to MySQL table 'IMDB'
2024-09-19 11:26:34.433316: Successfully update row 43 to MySQL table 'IMDB'
2024-09-19 11:26:34.433316: Successfully update row 44 to MySQL table 'IMDB'
2024-09-19 11:26:34.449183: Successfully update row 45 to MySQL table 'IMDB'
2024-09-19 11:26:34.455182: Successfully update row 46 to MySQL table 'IMDB'
2024-09-19 11:26:34.458635: Successfully update row 47 to MySQL table 'IMDB'
2024-09-19 11:26:34.463454: Successfully update row 48 to MySQL table 'IMDB'
2024-09-19 11:26:34.464693: Successfully update row 49 to MySQL table 'IMDB'
2024-09-19 11:26:34.464693: Successfully update row 50 to MySQL table 'IMDB'
2024-09-19 11:26:34.464693: Successfully update row 51 to MySQL table 'IMDB'
2024-09-19 11:26:34.482252: Successfully update row 52 to MySQL table 'IMDB'
2024-09-19 11:26:34.489173: Successfully update row 53 to MySQL table 'IMDB'
2024-09-19 11:26:34.489173: Successfully update row 54 to MySQL table 'IMDB'
2024-09-19 11:26:34.497881: Successfully update row 55 to MySQL table 'IMDB'
2024-09-19 11:26:34.502883: Successfully update row 56 to MySQL table 'IMDB'
2024-09-19 11:26:34.504855: Successfully update row 57 to MySQL table 'IMDB'
2024-09-19 11:26:34.515515: Successfully update row 58 to MySQL table 'IMDB'
2024-09-19 11:26:34.517710: Successfully update row 59 to MySQL table 'IMDB'
2024-09-19 11:26:34.517710: Successfully update row 60 to MySQL table 'IMDB'
2024-09-19 11:26:34.531217: Successfully update row 61 to MySQL table 'IMDB'
2024-09-19 11:26:34.533687: Successfully update row 62 to MySQL table 'IMDB'
2024-09-19 11:26:34.533687: Successfully update row 63 to MySQL table 'IMDB'
2024-09-19 11:26:34.548897: Successfully update row 64 to MySQL table 'IMDB'
2024-09-19 11:26:34.552301: Successfully update row 65 to MySQL table 'IMDB'
2024-09-19 11:26:34.552301: Successfully update row 66 to MySQL table 'IMDB'
2024-09-19 11:26:34.563504: Successfully update row 67 to MySQL table 'IMDB'
2024-09-19 11:26:34.565036: Successfully update row 68 to MySQL table 'IMDB'
2024-09-19 11:26:34.565036: Successfully update row 69 to MySQL table 'IMDB'
2024-09-19 11:26:34.579181: Successfully update row 70 to MySQL table 'IMDB'
2024-09-19 11:26:34.583278: Successfully update row 71 to MySQL table 'IMDB'
2024-09-19 11:26:34.589290: Successfully update row 72 to MySQL table 'IMDB'
2024-09-19 11:26:34.589290: Successfully update row 73 to MySQL table 'IMDB'
2024-09-19 11:26:34.599499: Successfully update row 74 to MySQL table 'IMDB'
2024-09-19 11:26:34.603419: Successfully update row 75 to MySQL table 'IMDB'
2024-09-19 11:26:34.603419: Successfully update row 76 to MySQL table 'IMDB'
2024-09-19 11:26:34.614429: Successfully update row 77 to MySQL table 'IMDB'
2024-09-19 11:26:34.618003: Successfully update row 78 to MySQL table 'IMDB'
2024-09-19 11:26:34.618003: Successfully update row 79 to MySQL table 'IMDB'
2024-09-19 11:26:34.630025: Successfully update row 80 to MySQL table 'IMDB'
2024-09-19 11:26:34.631028: Successfully update row 81 to MySQL table 'IMDB'
2024-09-19 11:26:34.631028: Successfully update row 82 to MySQL table 'IMDB'
2024-09-19 11:26:34.631028: Successfully update row 83 to MySQL table 'IMDB'
2024-09-19 11:26:34.648970: Successfully update row 84 to MySQL table 'IMDB'
2024-09-19 11:26:34.653633: Successfully update row 85 to MySQL table 'IMDB'
2024-09-19 11:26:34.657331: Successfully update row 86 to MySQL table 'IMDB'
2024-09-19 11:26:34.659329: Successfully update row 87 to MySQL table 'IMDB'
2024-09-19 11:26:34.664377: Successfully update row 88 to MySQL table 'IMDB'
2024-09-19 11:26:34.664627: Successfully update row 89 to MySQL table 'IMDB'
2024-09-19 11:26:34.664627: Successfully update row 90 to MySQL table 'IMDB'
2024-09-19 11:26:34.679985: Successfully update row 91 to MySQL table 'IMDB'
2024-09-19 11:26:34.681909: Successfully update row 92 to MySQL table 'IMDB'
2024-09-19 11:26:34.689416: Successfully update row 93 to MySQL table 'IMDB'
2024-09-19 11:26:34.689416: Successfully update row 94 to MySQL table 'IMDB'
2024-09-19 11:26:34.697633: Successfully update row 95 to MySQL table 'IMDB'
2024-09-19 11:26:34.702664: Successfully update row 96 to MySQL table 'IMDB'
2024-09-19 11:26:34.705653: Successfully update row 97 to MySQL table 'IMDB'
2024-09-19 11:26:34.709659: Successfully update row 98 to MySQL table 'IMDB'
2024-09-19 11:26:34.713312: Successfully update row 99 to MySQL table 'IMDB'
2024-09-19 11:26:34.718400: Successfully update row 100 to MySQL table 'IMDB'
2024-09-19 11:26:34.718400: Successfully update row 101 to MySQL table 'IMDB'
2024-09-19 11:26:34.729021: Successfully update row 102 to MySQL table 'IMDB'
2024-09-19 11:26:34.731350: Successfully update row 103 to MySQL table 'IMDB'
2024-09-19 11:26:34.731350: Successfully update row 104 to MySQL table 'IMDB'
2024-09-19 11:26:34.731350: Successfully update row 105 to MySQL table 'IMDB'
2024-09-19 11:26:34.747936: Successfully update row 106 to MySQL table 'IMDB'
2024-09-19 11:26:34.747936: Successfully update row 107 to MySQL table 'IMDB'
2024-09-19 11:26:34.747936: Successfully update row 108 to MySQL table 'IMDB'
2024-09-19 11:26:34.763412: Successfully update row 109 to MySQL table 'IMDB'
2024-09-19 11:26:34.764457: Successfully update row 110 to MySQL table 'IMDB'
2024-09-19 11:26:34.764457: Successfully update row 111 to MySQL table 'IMDB'
2024-09-19 11:26:34.764457: Successfully update row 112 to MySQL table 'IMDB'
2024-09-19 11:26:34.781261: Successfully update row 113 to MySQL table 'IMDB'
2024-09-19 11:26:34.789269: Successfully update row 114 to MySQL table 'IMDB'
2024-09-19 11:26:34.789269: Successfully update row 115 to MySQL table 'IMDB'
2024-09-19 11:26:34.797817: Successfully update row 116 to MySQL table 'IMDB'
2024-09-19 11:26:34.797817: Successfully update row 117 to MySQL table 'IMDB'
2024-09-19 11:26:34.797817: Successfully update row 118 to MySQL table 'IMDB'
2024-09-19 11:26:34.812266: Successfully update row 119 to MySQL table 'IMDB'
2024-09-19 11:26:34.816259: Successfully update row 120 to MySQL table 'IMDB'
2024-09-19 11:26:34.816259: Successfully update row 121 to MySQL table 'IMDB'
2024-09-19 11:26:34.816259: Successfully update row 122 to MySQL table 'IMDB'
2024-09-19 11:26:34.830977: Successfully update row 123 to MySQL table 'IMDB'
2024-09-19 11:26:34.830977: Successfully update row 124 to MySQL table 'IMDB'
2024-09-19 11:26:34.830977: Successfully update row 125 to MySQL table 'IMDB'
2024-09-19 11:26:34.845565: Successfully update row 126 to MySQL table 'IMDB'
2024-09-19 11:26:34.847691: Successfully update row 127 to MySQL table 'IMDB'
2024-09-19 11:26:34.847691: Successfully update row 128 to MySQL table 'IMDB'
2024-09-19 11:26:34.847691: Successfully update row 129 to MySQL table 'IMDB'
2024-09-19 11:26:34.847691: Successfully update row 130 to MySQL table 'IMDB'
2024-09-19 11:26:34.864704: Successfully update row 131 to MySQL table 'IMDB'
2024-09-19 11:26:34.864704: Successfully update row 132 to MySQL table 'IMDB'
2024-09-19 11:26:34.876624: Successfully update row 133 to MySQL table 'IMDB'
2024-09-19 11:26:34.880982: Successfully update row 134 to MySQL table 'IMDB'
2024-09-19 11:26:34.880982: Successfully update row 135 to MySQL table 'IMDB'
2024-09-19 11:26:34.889533: Successfully update row 136 to MySQL table 'IMDB'
2024-09-19 11:26:34.895679: Successfully update row 137 to MySQL table 'IMDB'
2024-09-19 11:26:34.897622: Successfully update row 138 to MySQL table 'IMDB'
2024-09-19 11:26:34.897622: Successfully update row 139 to MySQL table 'IMDB'
2024-09-19 11:26:34.897622: Successfully update row 140 to MySQL table 'IMDB'
2024-09-19 11:26:34.914359: Successfully update row 141 to MySQL table 'IMDB'
2024-09-19 11:26:34.914359: Successfully update row 142 to MySQL table 'IMDB'
2024-09-19 11:26:34.914359: Successfully update row 143 to MySQL table 'IMDB'
2024-09-19 11:26:34.932291: Successfully update row 144 to MySQL table 'IMDB'
2024-09-19 11:26:34.932291: Successfully update row 145 to MySQL table 'IMDB'
2024-09-19 11:26:34.932291: Successfully update row 146 to MySQL table 'IMDB'
2024-09-19 11:26:34.945603: Successfully update row 147 to MySQL table 'IMDB'
2024-09-19 11:26:34.947485: Successfully update row 148 to MySQL table 'IMDB'
2024-09-19 11:26:34.947485: Successfully update row 149 to MySQL table 'IMDB'
2024-09-19 11:26:34.947485: Successfully update row 150 to MySQL table 'IMDB'
2024-09-19 11:26:34.965671: Successfully update row 151 to MySQL table 'IMDB'
2024-09-19 11:26:34.965671: Successfully update row 152 to MySQL table 'IMDB'
2024-09-19 11:26:34.965671: Successfully update row 153 to MySQL table 'IMDB'
2024-09-19 11:26:34.981011: Successfully update row 154 to MySQL table 'IMDB'
2024-09-19 11:26:34.981011: Successfully update row 155 to MySQL table 'IMDB'
2024-09-19 11:26:34.989548: Successfully update row 156 to MySQL table 'IMDB'
2024-09-19 11:26:34.997803: Successfully update row 157 to MySQL table 'IMDB'
2024-09-19 11:26:34.997803: Successfully update row 158 to MySQL table 'IMDB'
2024-09-19 11:26:34.997803: Successfully update row 159 to MySQL table 'IMDB'
2024-09-19 11:26:35.013202: Successfully update row 160 to MySQL table 'IMDB'
2024-09-19 11:26:35.014136: Successfully update row 161 to MySQL table 'IMDB'
2024-09-19 11:26:35.014136: Successfully update row 162 to MySQL table 'IMDB'
2024-09-19 11:26:35.031992: Successfully update row 163 to MySQL table 'IMDB'
2024-09-19 11:26:35.034576: Successfully update row 164 to MySQL table 'IMDB'
2024-09-19 11:26:35.045462: Successfully update row 165 to MySQL table 'IMDB'
2024-09-19 11:26:35.047277: Successfully update row 166 to MySQL table 'IMDB'
2024-09-19 11:26:35.047277: Successfully update row 167 to MySQL table 'IMDB'
2024-09-19 11:26:35.064289: Successfully update row 168 to MySQL table 'IMDB'
2024-09-19 11:26:35.064289: Successfully update row 169 to MySQL table 'IMDB'
2024-09-19 11:26:35.074056: Successfully update row 170 to MySQL table 'IMDB'
2024-09-19 11:26:35.081533: Successfully update row 171 to MySQL table 'IMDB'
2024-09-19 11:26:35.081533: Successfully update row 172 to MySQL table 'IMDB'
2024-09-19 11:26:35.089568: Successfully update row 173 to MySQL table 'IMDB'
2024-09-19 11:26:35.095451: Successfully update row 174 to MySQL table 'IMDB'
2024-09-19 11:26:35.097240: Successfully update row 175 to MySQL table 'IMDB'
2024-09-19 11:26:35.097240: Successfully update row 176 to MySQL table 'IMDB'
2024-09-19 11:26:35.097240: Successfully update row 177 to MySQL table 'IMDB'
2024-09-19 11:26:35.114034: Successfully update row 178 to MySQL table 'IMDB'
2024-09-19 11:26:35.114034: Successfully update row 179 to MySQL table 'IMDB'
2024-09-19 11:26:35.114034: Successfully update row 180 to MySQL table 'IMDB'
2024-09-19 11:26:35.130988: Successfully update row 181 to MySQL table 'IMDB'
2024-09-19 11:26:35.133325: Successfully update row 182 to MySQL table 'IMDB'
2024-09-19 11:26:35.133325: Successfully update row 183 to MySQL table 'IMDB'
2024-09-19 11:26:35.133325: Successfully update row 184 to MySQL table 'IMDB'
2024-09-19 11:26:35.146237: Successfully update row 185 to MySQL table 'IMDB'
2024-09-19 11:26:35.146237: Successfully update row 186 to MySQL table 'IMDB'
2024-09-19 11:26:35.162262: Successfully update row 187 to MySQL table 'IMDB'
2024-09-19 11:26:35.163012: Successfully update row 188 to MySQL table 'IMDB'
2024-09-19 11:26:35.163012: Successfully update row 189 to MySQL table 'IMDB'
2024-09-19 11:26:35.163012: Successfully update row 190 to MySQL table 'IMDB'
2024-09-19 11:26:35.179604: Successfully update row 191 to MySQL table 'IMDB'
2024-09-19 11:26:35.189612: Successfully update row 192 to MySQL table 'IMDB'
2024-09-19 11:26:35.189612: Successfully update row 193 to MySQL table 'IMDB'
2024-09-19 11:26:35.195946: Successfully update row 194 to MySQL table 'IMDB'
2024-09-19 11:26:35.201320: Successfully update row 195 to MySQL table 'IMDB'
2024-09-19 11:26:35.201320: Successfully update row 196 to MySQL table 'IMDB'
2024-09-19 11:26:35.212078: Successfully update row 197 to MySQL table 'IMDB'
2024-09-19 11:26:35.214465: Successfully update row 198 to MySQL table 'IMDB'
2024-09-19 11:26:35.222862: Successfully update row 199 to MySQL table 'IMDB'
2024-09-19 11:26:35.230759: Successfully update row 200 to MySQL table 'IMDB'
2024-09-19 11:26:35.239290: Successfully update row 201 to MySQL table 'IMDB'
2024-09-19 11:26:35.245612: Successfully update row 202 to MySQL table 'IMDB'
2024-09-19 11:26:35.251662: Successfully update row 203 to MySQL table 'IMDB'
2024-09-19 11:26:35.257553: Successfully update row 204 to MySQL table 'IMDB'
2024-09-19 11:26:35.262144: Successfully update row 205 to MySQL table 'IMDB'
2024-09-19 11:26:35.268220: Successfully update row 206 to MySQL table 'IMDB'
2024-09-19 11:26:35.273274: Successfully update row 207 to MySQL table 'IMDB'
2024-09-19 11:26:35.275999: Successfully update row 208 to MySQL table 'IMDB'
2024-09-19 11:26:35.282468: Successfully update row 209 to MySQL table 'IMDB'
2024-09-19 11:26:35.287320: Successfully update row 210 to MySQL table 'IMDB'
2024-09-19 11:26:35.289829: Successfully update row 211 to MySQL table 'IMDB'
2024-09-19 11:26:35.295985: Successfully update row 212 to MySQL table 'IMDB'
2024-09-19 11:26:35.295985: Successfully update row 213 to MySQL table 'IMDB'
2024-09-19 11:26:35.295985: Successfully update row 214 to MySQL table 'IMDB'
2024-09-19 11:26:35.312799: Successfully update row 215 to MySQL table 'IMDB'
2024-09-19 11:26:35.312799: Successfully update row 216 to MySQL table 'IMDB'
2024-09-19 11:26:35.329662: Successfully update row 217 to MySQL table 'IMDB'
2024-09-19 11:26:35.329662: Successfully update row 218 to MySQL table 'IMDB'
2024-09-19 11:26:35.329662: Successfully update row 219 to MySQL table 'IMDB'
2024-09-19 11:26:35.348404: Successfully update row 220 to MySQL table 'IMDB'
2024-09-19 11:26:35.349285: Successfully update row 221 to MySQL table 'IMDB'
2024-09-19 11:26:35.363086: Successfully update row 222 to MySQL table 'IMDB'
2024-09-19 11:26:35.363086: Successfully update row 223 to MySQL table 'IMDB'
2024-09-19 11:26:35.363086: Successfully update row 224 to MySQL table 'IMDB'
2024-09-19 11:26:35.379513: Successfully update row 225 to MySQL table 'IMDB'
2024-09-19 11:26:35.390103: Successfully update row 226 to MySQL table 'IMDB'
2024-09-19 11:26:35.395433: Successfully update row 227 to MySQL table 'IMDB'
2024-09-19 11:26:35.398064: Successfully update row 228 to MySQL table 'IMDB'
2024-09-19 11:26:35.398064: Successfully update row 229 to MySQL table 'IMDB'
2024-09-19 11:26:35.414821: Successfully update row 230 to MySQL table 'IMDB'
2024-09-19 11:26:35.414821: Successfully update row 231 to MySQL table 'IMDB'
2024-09-19 11:26:35.429652: Successfully update row 232 to MySQL table 'IMDB'
2024-09-19 11:26:35.429652: Successfully update row 233 to MySQL table 'IMDB'
2024-09-19 11:26:35.446394: Successfully update row 234 to MySQL table 'IMDB'
2024-09-19 11:26:35.448468: Successfully update row 235 to MySQL table 'IMDB'
2024-09-19 11:26:35.448468: Successfully update row 236 to MySQL table 'IMDB'
2024-09-19 11:26:35.462761: Successfully update row 237 to MySQL table 'IMDB'
2024-09-19 11:26:35.462761: Successfully update row 238 to MySQL table 'IMDB'
2024-09-19 11:26:35.478610: Successfully update row 239 to MySQL table 'IMDB'
2024-09-19 11:26:35.479331: Successfully update row 240 to MySQL table 'IMDB'
2024-09-19 11:26:35.490405: Successfully update row 241 to MySQL table 'IMDB'
2024-09-19 11:26:35.496514: Successfully update row 242 to MySQL table 'IMDB'
2024-09-19 11:26:35.496514: Successfully update row 243 to MySQL table 'IMDB'
2024-09-19 11:26:35.512717: Successfully update row 244 to MySQL table 'IMDB'
2024-09-19 11:26:35.512717: Successfully update row 245 to MySQL table 'IMDB'
2024-09-19 11:26:35.512717: Successfully update row 246 to MySQL table 'IMDB'
2024-09-19 11:26:35.529391: Successfully update row 247 to MySQL table 'IMDB'
2024-09-19 11:26:35.529391: Successfully update row 248 to MySQL table 'IMDB'
2024-09-19 11:26:35.546036: Successfully update row 249 to MySQL table 'IMDB'
2024-09-19 11:26:35.546036: Successfully update row 250 to MySQL table 'IMDB'
2024-09-19 11:26:35.546036: Successfully update row 251 to MySQL table 'IMDB'
2024-09-19 11:26:35.565457: Successfully update row 252 to MySQL table 'IMDB'
2024-09-19 11:26:35.565457: Successfully update row 253 to MySQL table 'IMDB'
2024-09-19 11:26:35.579422: Successfully update row 254 to MySQL table 'IMDB'
2024-09-19 11:26:35.580960: Successfully update row 255 to MySQL table 'IMDB'
2024-09-19 11:26:35.594605: Successfully update row 256 to MySQL table 'IMDB'
2024-09-19 11:26:35.596260: Successfully update row 257 to MySQL table 'IMDB'
2024-09-19 11:26:35.596260: Successfully update row 258 to MySQL table 'IMDB'
2024-09-19 11:26:35.596260: Successfully update row 259 to MySQL table 'IMDB'
2024-09-19 11:26:35.614656: Successfully update row 260 to MySQL table 'IMDB'
2024-09-19 11:26:35.614656: Successfully update row 261 to MySQL table 'IMDB'
2024-09-19 11:26:35.629655: Successfully update row 262 to MySQL table 'IMDB'
2024-09-19 11:26:35.629655: Successfully update row 263 to MySQL table 'IMDB'
2024-09-19 11:26:35.629655: Successfully update row 264 to MySQL table 'IMDB'
2024-09-19 11:26:35.646101: Successfully update row 265 to MySQL table 'IMDB'
2024-09-19 11:26:35.646101: Successfully update row 266 to MySQL table 'IMDB'
2024-09-19 11:26:35.663011: Successfully update row 267 to MySQL table 'IMDB'
2024-09-19 11:26:35.670367: Successfully update row 268 to MySQL table 'IMDB'
2024-09-19 11:26:35.670367: Successfully update row 269 to MySQL table 'IMDB'
2024-09-19 11:26:35.679459: Successfully update row 270 to MySQL table 'IMDB'
2024-09-19 11:26:35.679459: Successfully update row 271 to MySQL table 'IMDB'
2024-09-19 11:26:35.695824: Successfully update row 272 to MySQL table 'IMDB'
2024-09-19 11:26:35.695824: Successfully update row 273 to MySQL table 'IMDB'
2024-09-19 11:26:35.711996: Successfully update row 274 to MySQL table 'IMDB'
2024-09-19 11:26:35.712580: Successfully update row 275 to MySQL table 'IMDB'
2024-09-19 11:26:35.712580: Successfully update row 276 to MySQL table 'IMDB'
2024-09-19 11:26:35.728557: Successfully update row 277 to MySQL table 'IMDB'
2024-09-19 11:26:35.729319: Successfully update row 278 to MySQL table 'IMDB'
2024-09-19 11:26:35.729319: Successfully update row 279 to MySQL table 'IMDB'
2024-09-19 11:26:35.747443: Successfully update row 280 to MySQL table 'IMDB'
2024-09-19 11:26:35.747443: Successfully update row 281 to MySQL table 'IMDB'
2024-09-19 11:26:35.761960: Successfully update row 282 to MySQL table 'IMDB'
2024-09-19 11:26:35.762890: Successfully update row 283 to MySQL table 'IMDB'
2024-09-19 11:26:35.762890: Successfully update row 284 to MySQL table 'IMDB'
2024-09-19 11:26:35.779565: Successfully update row 285 to MySQL table 'IMDB'
2024-09-19 11:26:35.782622: Successfully update row 286 to MySQL table 'IMDB'
2024-09-19 11:26:35.791127: Successfully update row 287 to MySQL table 'IMDB'
2024-09-19 11:26:35.796034: Successfully update row 288 to MySQL table 'IMDB'
2024-09-19 11:26:35.796034: Successfully update row 289 to MySQL table 'IMDB'
2024-09-19 11:26:35.811039: Successfully update row 290 to MySQL table 'IMDB'
2024-09-19 11:26:35.812828: Successfully update row 291 to MySQL table 'IMDB'
2024-09-19 11:26:35.812828: Successfully update row 292 to MySQL table 'IMDB'
2024-09-19 11:26:35.829185: Successfully update row 293 to MySQL table 'IMDB'
2024-09-19 11:26:35.829185: Successfully update row 294 to MySQL table 'IMDB'
2024-09-19 11:26:35.829185: Successfully update row 295 to MySQL table 'IMDB'
2024-09-19 11:26:35.845868: Successfully update row 296 to MySQL table 'IMDB'
2024-09-19 11:26:35.845868: Successfully update row 297 to MySQL table 'IMDB'
2024-09-19 11:26:35.860963: Successfully update row 298 to MySQL table 'IMDB'
2024-09-19 11:26:35.863771: Successfully update row 299 to MySQL table 'IMDB'
2024-09-19 11:26:35.863771: Successfully update row 300 to MySQL table 'IMDB'
2024-09-19 11:26:35.882109: Successfully update row 301 to MySQL table 'IMDB'
2024-09-19 11:26:35.882109: Successfully update row 302 to MySQL table 'IMDB'
2024-09-19 11:26:35.895130: Successfully update row 303 to MySQL table 'IMDB'
2024-09-19 11:26:35.895853: Successfully update row 304 to MySQL table 'IMDB'
2024-09-19 11:26:35.895853: Successfully update row 305 to MySQL table 'IMDB'
2024-09-19 11:26:35.895853: Successfully update row 306 to MySQL table 'IMDB'
2024-09-19 11:26:35.912568: Successfully update row 307 to MySQL table 'IMDB'
2024-09-19 11:26:35.912568: Successfully update row 308 to MySQL table 'IMDB'
2024-09-19 11:26:35.912568: Successfully update row 309 to MySQL table 'IMDB'
2024-09-19 11:26:35.929254: Successfully update row 310 to MySQL table 'IMDB'
2024-09-19 11:26:35.929254: Successfully update row 311 to MySQL table 'IMDB'
2024-09-19 11:26:35.944294: Successfully update row 312 to MySQL table 'IMDB'
2024-09-19 11:26:35.945796: Successfully update row 313 to MySQL table 'IMDB'
2024-09-19 11:26:35.945796: Successfully update row 314 to MySQL table 'IMDB'
2024-09-19 11:26:35.966738: Successfully update row 315 to MySQL table 'IMDB'
2024-09-19 11:26:35.966738: Successfully update row 316 to MySQL table 'IMDB'
2024-09-19 11:26:35.979148: Successfully update row 317 to MySQL table 'IMDB'
2024-09-19 11:26:35.979148: Successfully update row 318 to MySQL table 'IMDB'
2024-09-19 11:26:35.991155: Successfully update row 319 to MySQL table 'IMDB'
2024-09-19 11:26:35.996208: Successfully update row 320 to MySQL table 'IMDB'
2024-09-19 11:26:36.001406: Successfully update row 321 to MySQL table 'IMDB'
2024-09-19 11:26:36.001406: Successfully update row 322 to MySQL table 'IMDB'
2024-09-19 11:26:36.012584: Successfully update row 323 to MySQL table 'IMDB'
2024-09-19 11:26:36.012584: Successfully update row 324 to MySQL table 'IMDB'
2024-09-19 11:26:36.012584: Successfully update row 325 to MySQL table 'IMDB'
2024-09-19 11:26:36.029063: Successfully update row 326 to MySQL table 'IMDB'
2024-09-19 11:26:36.029063: Successfully update row 327 to MySQL table 'IMDB'
2024-09-19 11:26:36.045703: Successfully update row 328 to MySQL table 'IMDB'
2024-09-19 11:26:36.045703: Successfully update row 329 to MySQL table 'IMDB'
2024-09-19 11:26:36.045703: Successfully update row 330 to MySQL table 'IMDB'
2024-09-19 11:26:36.062533: Successfully update row 331 to MySQL table 'IMDB'
2024-09-19 11:26:36.062533: Successfully update row 332 to MySQL table 'IMDB'
2024-09-19 11:26:36.079099: Successfully update row 333 to MySQL table 'IMDB'
2024-09-19 11:26:36.079099: Successfully update row 334 to MySQL table 'IMDB'
2024-09-19 11:26:36.091105: Successfully update row 335 to MySQL table 'IMDB'
2024-09-19 11:26:36.098939: Successfully update row 336 to MySQL table 'IMDB'
2024-09-19 11:26:36.098939: Successfully update row 337 to MySQL table 'IMDB'
2024-09-19 11:26:36.112685: Successfully update row Episod to MySQL table 'IMDB'
2024-09-19 11:26:36.112685: Successfully update row 338 to MySQL table 'IMDB'
2024-09-19 11:26:36.112685: Successfully update row 339 to MySQL table 'IMDB'
2024-09-19 11:26:36.129086: Successfully update row 340 to MySQL table 'IMDB'
2024-09-19 11:26:36.129086: Successfully update row 341 to MySQL table 'IMDB'
2024-09-19 11:26:36.144092: Successfully update row 342 to MySQL table 'IMDB'
2024-09-19 11:26:36.145630: Successfully update row 343 to MySQL table 'IMDB'
2024-09-19 11:26:36.145630: Successfully update row 344 to MySQL table 'IMDB'
2024-09-19 11:26:36.162389: Successfully update row 345 to MySQL table 'IMDB'
2024-09-19 11:26:36.162389: Successfully update row 346 to MySQL table 'IMDB'
2024-09-19 11:26:36.179142: Successfully update row 347 to MySQL table 'IMDB'
2024-09-19 11:26:36.179142: Successfully update row 348 to MySQL table 'IMDB'
2024-09-19 11:26:36.193701: Successfully update row 349 to MySQL table 'IMDB'
2024-09-19 11:26:36.195720: Successfully update row 350 to MySQL table 'IMDB'
2024-09-19 11:26:36.195720: Successfully update row 351 to MySQL table 'IMDB'
2024-09-19 11:26:36.212666: Successfully update row 352 to MySQL table 'IMDB'
2024-09-19 11:26:36.215724: Successfully update row 353 to MySQL table 'IMDB'
2024-09-19 11:26:36.215724: Successfully update row 354 to MySQL table 'IMDB'
2024-09-19 11:26:36.231393: Successfully update row 355 to MySQL table 'IMDB'
2024-09-19 11:26:36.231393: Successfully update row 356 to MySQL table 'IMDB'
2024-09-19 11:26:36.244969: Successfully update row 357 to MySQL table 'IMDB'
2024-09-19 11:26:36.245891: Successfully update row 358 to MySQL table 'IMDB'
2024-09-19 11:26:36.245891: Successfully update row 359 to MySQL table 'IMDB'
2024-09-19 11:26:36.262321: Successfully update row 360 to MySQL table 'IMDB'
2024-09-19 11:26:36.262321: Successfully update row 361 to MySQL table 'IMDB'
2024-09-19 11:26:36.278416: Successfully update row 362 to MySQL table 'IMDB'
2024-09-19 11:26:36.279080: Successfully update row 363 to MySQL table 'IMDB'
2024-09-19 11:26:36.291086: Successfully update row 364 to MySQL table 'IMDB'
2024-09-19 11:26:36.295577: Successfully update row 365 to MySQL table 'IMDB'
2024-09-19 11:26:36.295577: Successfully update row 366 to MySQL table 'IMDB'
2024-09-19 11:26:36.295577: Successfully update row 367 to MySQL table 'IMDB'
2024-09-19 11:26:36.313626: Successfully update row 368 to MySQL table 'IMDB'
2024-09-19 11:26:36.315031: Successfully update row 369 to MySQL table 'IMDB'
2024-09-19 11:26:36.315031: Successfully update row 370 to MySQL table 'IMDB'
2024-09-19 11:26:36.329245: Successfully update row 371 to MySQL table 'IMDB'
2024-09-19 11:26:36.329245: Successfully update row 372 to MySQL table 'IMDB'
2024-09-19 11:26:36.329245: Successfully update row 373 to MySQL table 'IMDB'
2024-09-19 11:26:36.345552: Successfully update row 374 to MySQL table 'IMDB'
2024-09-19 11:26:36.345552: Successfully update row 375 to MySQL table 'IMDB'
2024-09-19 11:26:36.362326: Successfully update row 376 to MySQL table 'IMDB'
2024-09-19 11:26:36.362326: Successfully update row 377 to MySQL table 'IMDB'
2024-09-19 11:26:36.378292: Successfully update row 378 to MySQL table 'IMDB'
2024-09-19 11:26:36.378847: Successfully update row 379 to MySQL table 'IMDB'
2024-09-19 11:26:36.391355: Successfully update row 380 to MySQL table 'IMDB'
2024-09-19 11:26:36.395714: Successfully update row 381 to MySQL table 'IMDB'
2024-09-19 11:26:36.395714: Successfully update row 382 to MySQL table 'IMDB'
2024-09-19 11:26:36.412527: Successfully update row 383 to MySQL table 'IMDB'
2024-09-19 11:26:36.412527: Successfully update row 384 to MySQL table 'IMDB'
2024-09-19 11:26:36.412527: Successfully update row 385 to MySQL table 'IMDB'
2024-09-19 11:26:36.431839: Successfully update row 386 to MySQL table 'IMDB'
2024-09-19 11:26:36.431839: Successfully update row 387 to MySQL table 'IMDB'
2024-09-19 11:26:36.447229: Successfully update row 388 to MySQL table 'IMDB'
2024-09-19 11:26:36.447229: Successfully update row 389 to MySQL table 'IMDB'
2024-09-19 11:26:36.461671: Successfully update row 390 to MySQL table 'IMDB'
2024-09-19 11:26:36.462328: Successfully update row 391 to MySQL table 'IMDB'
2024-09-19 11:26:36.462328: Successfully update row 392 to MySQL table 'IMDB'
2024-09-19 11:26:36.479065: Successfully update row 393 to MySQL table 'IMDB'
2024-09-19 11:26:36.479065: Successfully update row 394 to MySQL table 'IMDB'
2024-09-19 11:26:36.494174: Successfully update row 395 to MySQL table 'IMDB'
2024-09-19 11:26:36.495430: Successfully update row 396 to MySQL table 'IMDB'
2024-09-19 11:26:36.495430: Successfully update row 397 to MySQL table 'IMDB'
2024-09-19 11:26:36.495430: Successfully update row 398 to MySQL table 'IMDB'
2024-09-19 11:26:36.512179: Successfully update row 399 to MySQL table 'IMDB'
2024-09-19 11:26:36.512179: Successfully update row 400 to MySQL table 'IMDB'
2024-09-19 11:26:36.512179: Successfully update row 401 to MySQL table 'IMDB'
2024-09-19 11:26:36.531512: Successfully update row 402 to MySQL table 'IMDB'
2024-09-19 11:26:36.531512: Successfully update row 403 to MySQL table 'IMDB'
2024-09-19 11:26:36.544990: Successfully update row 404 to MySQL table 'IMDB'
2024-09-19 11:26:36.545710: Successfully update row 405 to MySQL table 'IMDB'
2024-09-19 11:26:36.545710: Successfully update row 406 to MySQL table 'IMDB'
2024-09-19 11:26:36.563836: Successfully update row 407 to MySQL table 'IMDB'
2024-09-19 11:26:36.563836: Successfully update row 408 to MySQL table 'IMDB'
2024-09-19 11:26:36.578308: Successfully update row 409 to MySQL table 'IMDB'
2024-09-19 11:26:36.578971: Successfully update row 410 to MySQL table 'IMDB'
2024-09-19 11:26:36.591595: Successfully update row 411 to MySQL table 'IMDB'
2024-09-19 11:26:36.595670: Successfully update row 412 to MySQL table 'IMDB'
2024-09-19 11:26:36.595670: Successfully update row 413 to MySQL table 'IMDB'
2024-09-19 11:26:36.612488: Successfully update row 414 to MySQL table 'IMDB'
2024-09-19 11:26:36.612488: Successfully update row 415 to MySQL table 'IMDB'
2024-09-19 11:26:36.628145: Successfully update row 416 to MySQL table 'IMDB'
2024-09-19 11:26:36.628832: Successfully update row 417 to MySQL table 'IMDB'
2024-09-19 11:26:36.628832: Successfully update row 418 to MySQL table 'IMDB'
2024-09-19 11:26:36.646000: Successfully update row 419 to MySQL table 'IMDB'
2024-09-19 11:26:36.648477: Successfully update row 420 to MySQL table 'IMDB'
2024-09-19 11:26:36.648477: Successfully update row 421 to MySQL table 'IMDB'
2024-09-19 11:26:36.662186: Successfully update row 422 to MySQL table 'IMDB'
2024-09-19 11:26:36.662186: Successfully update row 423 to MySQL table 'IMDB'
2024-09-19 11:26:36.678730: Successfully update row 424 to MySQL table 'IMDB'
2024-09-19 11:26:36.678730: Successfully update row 425 to MySQL table 'IMDB'
2024-09-19 11:26:36.694889: Successfully update row 426 to MySQL table 'IMDB'
2024-09-19 11:26:36.695493: Successfully update row 427 to MySQL table 'IMDB'
2024-09-19 11:26:36.695493: Successfully update row 428 to MySQL table 'IMDB'
2024-09-19 11:26:36.712053: Successfully update row 429 to MySQL table 'IMDB'
2024-09-19 11:26:36.712053: Successfully update row 430 to MySQL table 'IMDB'
2024-09-19 11:26:36.728934: Successfully update row 431 to MySQL table 'IMDB'
2024-09-19 11:26:36.730680: Successfully update row 432 to MySQL table 'IMDB'
2024-09-19 11:26:36.730680: Successfully update row 433 to MySQL table 'IMDB'
2024-09-19 11:26:36.748288: Successfully update row 434 to MySQL table 'IMDB'
2024-09-19 11:26:36.748288: Successfully update row 435 to MySQL table 'IMDB'
2024-09-19 11:26:36.762163: Successfully update row 436 to MySQL table 'IMDB'
2024-09-19 11:26:36.762163: Successfully update row 437 to MySQL table 'IMDB'
2024-09-19 11:26:36.762163: Successfully update row 438 to MySQL table 'IMDB'
2024-09-19 11:26:36.778929: Successfully update row 439 to MySQL table 'IMDB'
2024-09-19 11:26:36.778929: Successfully update row 440 to MySQL table 'IMDB'
2024-09-19 11:26:36.795280: Successfully update row 441 to MySQL table 'IMDB'
2024-09-19 11:26:36.795280: Successfully update row 442 to MySQL table 'IMDB'
2024-09-19 11:26:36.810378: Successfully update row 443 to MySQL table 'IMDB'
2024-09-19 11:26:36.812162: Successfully update row 444 to MySQL table 'IMDB'
2024-09-19 11:26:36.812162: Successfully update row 445 to MySQL table 'IMDB'
2024-09-19 11:26:36.828712: Successfully update row 446 to MySQL table 'IMDB'
2024-09-19 11:26:36.828712: Successfully update row 447 to MySQL table 'IMDB'
2024-09-19 11:26:36.828712: Successfully update row 448 to MySQL table 'IMDB'
2024-09-19 11:26:36.845376: Successfully update row 449 to MySQL table 'IMDB'
2024-09-19 11:26:36.845376: Successfully update row 450 to MySQL table 'IMDB'
2024-09-19 11:26:36.861437: Successfully update row 451 to MySQL table 'IMDB'
2024-09-19 11:26:36.864568: Successfully update row 452 to MySQL table 'IMDB'
2024-09-19 11:26:36.864568: Successfully update row 453 to MySQL table 'IMDB'
2024-09-19 11:26:36.879161: Successfully update row 454 to MySQL table 'IMDB'
2024-09-19 11:26:36.879161: Successfully update row 455 to MySQL table 'IMDB'
2024-09-19 11:26:36.895442: Successfully update row 456 to MySQL table 'IMDB'
2024-09-19 11:26:36.895442: Successfully update row 457 to MySQL table 'IMDB'
2024-09-19 11:26:36.895442: Successfully update row 458 to MySQL table 'IMDB'
2024-09-19 11:26:36.912025: Successfully update row 459 to MySQL table 'IMDB'
2024-09-19 11:26:36.912025: Successfully update row 460 to MySQL table 'IMDB'
2024-09-19 11:26:36.928918: Successfully update row 461 to MySQL table 'IMDB'
2024-09-19 11:26:36.928918: Successfully update row 462 to MySQL table 'IMDB'
2024-09-19 11:26:36.944765: Successfully update row 463 to MySQL table 'IMDB'
2024-09-19 11:26:36.945417: Successfully update row 464 to MySQL table 'IMDB'
2024-09-19 11:26:36.945417: Successfully update row 465 to MySQL table 'IMDB'
2024-09-19 11:26:36.964804: Successfully update row 466 to MySQL table 'IMDB'
2024-09-19 11:26:36.965781: Successfully update row 467 to MySQL table 'IMDB'
2024-09-19 11:26:36.979365: Successfully update row 468 to MySQL table 'IMDB'
2024-09-19 11:26:36.979365: Successfully update row 469 to MySQL table 'IMDB'
2024-09-19 11:26:36.992484: Successfully update row 470 to MySQL table 'IMDB'
2024-09-19 11:26:36.995521: Successfully update row 471 to MySQL table 'IMDB'
2024-09-19 11:26:36.995521: Successfully update row 472 to MySQL table 'IMDB'
2024-09-19 11:26:37.011915: Successfully update row 473 to MySQL table 'IMDB'
2024-09-19 11:26:37.011915: Successfully update row 474 to MySQL table 'IMDB'
2024-09-19 11:26:37.027893: Successfully update row 475 to MySQL table 'IMDB'
2024-09-19 11:26:37.028542: Successfully update row 476 to MySQL table 'IMDB'
2024-09-19 11:26:37.028542: Successfully update row 477 to MySQL table 'IMDB'
2024-09-19 11:26:37.045334: Successfully update row 478 to MySQL table 'IMDB'
2024-09-19 11:26:37.045334: Successfully update row 479 to MySQL table 'IMDB'
2024-09-19 11:26:37.061144: Successfully update row 480 to MySQL table 'IMDB'
2024-09-19 11:26:37.061761: Successfully update row 481 to MySQL table 'IMDB'
2024-09-19 11:26:37.061761: Successfully update row 482 to MySQL table 'IMDB'
2024-09-19 11:26:37.080856: Successfully update row 483 to MySQL table 'IMDB'
2024-09-19 11:26:37.081604: Successfully update row 484 to MySQL table 'IMDB'
2024-09-19 11:26:37.095308: Successfully update row 485 to MySQL table 'IMDB'
2024-09-19 11:26:37.095308: Successfully update row 486 to MySQL table 'IMDB'
2024-09-19 11:26:37.110392: Successfully update row 487 to MySQL table 'IMDB'
2024-09-19 11:26:37.111984: Successfully update row 488 to MySQL table 'IMDB'
2024-09-19 11:26:37.111984: Successfully update row 489 to MySQL table 'IMDB'
2024-09-19 11:26:37.128706: Successfully update row 490 to MySQL table 'IMDB'
2024-09-19 11:26:37.128706: Successfully update row 491 to MySQL table 'IMDB'
2024-09-19 11:26:37.145317: Successfully update row 492 to MySQL table 'IMDB'
2024-09-19 11:26:37.145317: Successfully update row 493 to MySQL table 'IMDB'
2024-09-19 11:26:37.161318: Successfully update row 494 to MySQL table 'IMDB'
2024-09-19 11:26:37.161989: Successfully update row 495 to MySQL table 'IMDB'
2024-09-19 11:26:37.161989: Successfully update row 496 to MySQL table 'IMDB'
2024-09-19 11:26:37.179917: Successfully update row 497 to MySQL table 'IMDB'
2024-09-19 11:26:37.184409: Successfully update row 498 to MySQL table 'IMDB'
2024-09-19 11:26:37.194662: Successfully update row 499 to MySQL table 'IMDB'
2024-09-19 11:26:37.195331: Successfully update row 500 to MySQL table 'IMDB'
2024-09-19 11:26:37.195331: Successfully update row 501 to MySQL table 'IMDB'
2024-09-19 11:26:37.211913: Successfully update row 502 to MySQL table 'IMDB'
2024-09-19 11:26:37.211913: Successfully update row 503 to MySQL table 'IMDB'
2024-09-19 11:26:37.226918: Successfully update row 504 to MySQL table 'IMDB'
2024-09-19 11:26:37.228644: Successfully update row 505 to MySQL table 'IMDB'
2024-09-19 11:26:37.228644: Successfully update row 506 to MySQL table 'IMDB'
2024-09-19 11:26:37.245160: Successfully update row 507 to MySQL table 'IMDB'
2024-09-19 11:26:37.245160: Successfully update row 508 to MySQL table 'IMDB'
2024-09-19 11:26:37.260167: Successfully update row 509 to MySQL table 'IMDB'
2024-09-19 11:26:37.261880: Successfully update row 510 to MySQL table 'IMDB'
2024-09-19 11:26:37.261880: Successfully update row 511 to MySQL table 'IMDB'
