2024-10-02 12:41:05.029252: Connecting to MySQL manga database
2024-10-02 12:41:05.047785: Connected to manga database
2024-10-02 12:41:05.061244: Creating table FairyTail into manga if doesn't exist
2024-10-02 12:41:05.067165: Table FairyTail created into manga successfully
2024-10-02 12:41:05.083416: Extracting number total of episode and number of episod already in FairyTail table
2024-10-02 12:41:05.086969: There are 325 FairyTail episods
2024-10-02 12:41:05.091272: There is(are) 48 episod(s) already in FairyTail table
2024-10-02 12:41:05.094282: There is(are) 277 episod(s) to extract
2024-10-02 12:41:05.243336: Extracting 48 episod(s) from season 2 in the following https://www.imdb.com/title/tt1528406/episodes/?season=2
2024-10-02 12:41:20.426352: Extracting episod 1
2024-10-02 12:41:20.443660: Extracting episod 2
2024-10-02 12:41:20.449166: Extracting episod 3
2024-10-02 12:41:20.449166: Extracting episod 4
2024-10-02 12:41:20.449166: Extracting episod 5
2024-10-02 12:41:20.458278: Extracting episod 6
2024-10-02 12:41:20.458278: Extracting episod 7
2024-10-02 12:41:20.458278: Extracting episod 8
2024-10-02 12:41:20.458278: Extracting episod 9
2024-10-02 12:41:20.458278: Extracting episod 10
2024-10-02 12:41:20.458278: Extracting episod 11
2024-10-02 12:41:20.473923: Extracting episod 12
2024-10-02 12:41:20.473923: Extracting episod 13
2024-10-02 12:41:20.473923: Extracting episod 14
2024-10-02 12:41:20.473923: Extracting episod 15
2024-10-02 12:41:20.489539: Extracting episod 16
2024-10-02 12:41:20.489539: Extracting episod 17
2024-10-02 12:41:20.489539: Extracting episod 18
2024-10-02 12:41:20.489539: Extracting episod 19
2024-10-02 12:41:20.489539: Extracting episod 20
2024-10-02 12:41:20.505260: Extracting episod 21
2024-10-02 12:41:20.505260: Extracting episod 22
2024-10-02 12:41:20.547974: Extracting episod 23
2024-10-02 12:41:20.563601: Extracting episod 24
2024-10-02 12:41:20.565587: Extracting episod 25
2024-10-02 12:41:20.567588: Extracting episod 26
2024-10-02 12:41:20.569154: Extracting episod 27
2024-10-02 12:41:20.571169: Extracting episod 28
2024-10-02 12:41:20.572202: Extracting episod 29
2024-10-02 12:41:20.574168: Extracting episod 30
2024-10-02 12:41:20.575193: Extracting episod 31
2024-10-02 12:41:20.577174: Extracting episod 32
2024-10-02 12:41:20.579168: Extracting episod 33
2024-10-02 12:41:20.581404: Extracting episod 34
2024-10-02 12:41:20.583433: Extracting episod 35
2024-10-02 12:41:20.585432: Extracting episod 36
2024-10-02 12:41:20.587432: Extracting episod 37
2024-10-02 12:41:20.588453: Extracting episod 38
2024-10-02 12:41:20.590474: Extracting episod 39
2024-10-02 12:41:20.592489: Extracting episod 40
2024-10-02 12:41:20.594492: Extracting episod 41
2024-10-02 12:41:20.596503: Extracting episod 42
2024-10-02 12:41:20.598489: Extracting episod 43
2024-10-02 12:41:20.598613: Extracting episod 44
2024-10-02 12:41:20.598613: Extracting episod 45
2024-10-02 12:41:20.598613: Extracting episod 46
2024-10-02 12:41:20.598613: Extracting episod 47
2024-10-02 12:41:20.598613: Extracting episod 48
2024-10-02 12:41:20.614239: Extracting 48 episod successfuly
2024-10-02 12:41:20.629873: Sending 48 rows to MySQL table 'FairyTail'.
2024-10-02 12:41:20.629873: Successfully sent 48 rows to MySQL table 'FairyTail'.
2024-10-02 12:41:20.629873: There is(are) 96 episod(s) already in FairyTail table
2024-10-02 12:41:20.643966: There is(are) 229 episod(s) to extract
2024-10-02 12:41:20.654264: Extracting 50 episod(s) from season 3 in the following https://www.imdb.com/title/tt1528406/episodes/?season=3
2024-10-02 12:41:34.436733: Extracting episod 1
2024-10-02 12:41:34.452321: Extracting episod 2
2024-10-02 12:41:34.452321: Extracting episod 3
2024-10-02 12:41:34.452321: Extracting episod 4
2024-10-02 12:41:34.469064: Extracting episod 5
2024-10-02 12:41:34.469064: Extracting episod 6
2024-10-02 12:41:34.474028: Extracting episod 7
2024-10-02 12:41:34.474028: Extracting episod 8
2024-10-02 12:41:34.484114: Extracting episod 9
2024-10-02 12:41:34.484114: Extracting episod 10
2024-10-02 12:41:34.484114: Extracting episod 11
2024-10-02 12:41:34.484114: Extracting episod 12
2024-10-02 12:41:34.499834: Extracting episod 13
2024-10-02 12:41:34.499834: Extracting episod 14
2024-10-02 12:41:34.499834: Extracting episod 15
2024-10-02 12:41:34.515489: Extracting episod 16
2024-10-02 12:41:34.515489: Extracting episod 17
2024-10-02 12:41:34.515489: Extracting episod 18
2024-10-02 12:41:34.515489: Extracting episod 19
2024-10-02 12:41:34.531005: Extracting episod 20
2024-10-02 12:41:34.539837: Extracting episod 21
2024-10-02 12:41:34.543810: Extracting episod 22
2024-10-02 12:41:34.543810: Extracting episod 23
2024-10-02 12:41:34.543810: Extracting episod 24
2024-10-02 12:41:34.543810: Extracting episod 25
2024-10-02 12:41:34.557551: Extracting episod 26
2024-10-02 12:41:34.560183: Extracting episod 27
2024-10-02 12:41:34.560183: Extracting episod 28
2024-10-02 12:41:34.567283: Extracting episod 29
2024-10-02 12:41:34.567283: Extracting episod 30
2024-10-02 12:41:34.567283: Extracting episod 31
2024-10-02 12:41:34.573289: Extracting episod 32
2024-10-02 12:41:34.576339: Extracting episod 33
2024-10-02 12:41:34.579336: Extracting episod 34
2024-10-02 12:41:34.582394: Extracting episod 35
2024-10-02 12:41:34.584716: Extracting episod 36
2024-10-02 12:41:34.587669: Extracting episod 37
2024-10-02 12:41:34.591001: Extracting episod 38
2024-10-02 12:41:34.593039: Extracting episod 39
2024-10-02 12:41:34.595128: Extracting episod 40
2024-10-02 12:41:34.597813: Extracting episod 41
2024-10-02 12:41:34.600838: Extracting episod 42
2024-10-02 12:41:34.604808: Extracting episod 43
2024-10-02 12:41:34.606771: Extracting episod 44
2024-10-02 12:41:34.608922: Extracting episod 45
2024-10-02 12:41:34.608922: Extracting episod 46
2024-10-02 12:41:34.608922: Extracting episod 47
2024-10-02 12:41:34.608922: Extracting episod 48
2024-10-02 12:41:34.608922: Extracting episod 49
2024-10-02 12:41:34.608922: Extracting episod 50
2024-10-02 12:41:34.625608: Extracting 50 episod successfuly
2024-10-02 12:41:34.646099: Sending 50 rows to MySQL table 'FairyTail'.
2024-10-02 12:41:34.656607: Successfully sent 50 rows to MySQL table 'FairyTail'.
2024-10-02 12:41:34.656607: There is(are) 146 episod(s) already in FairyTail table
2024-10-02 12:41:34.667729: There is(are) 179 episod(s) to extract
2024-10-02 12:41:34.672339: Extracting 25 episod(s) from season 4 in the following https://www.imdb.com/title/tt1528406/episodes/?season=4
2024-10-02 12:41:49.013285: Extracting episod 1
2024-10-02 12:41:49.016092: Extracting episod 2
2024-10-02 12:41:49.018732: Extracting episod 3
2024-10-02 12:41:49.021898: Extracting episod 4
2024-10-02 12:41:49.023956: Extracting episod 5
2024-10-02 12:41:49.026082: Extracting episod 6
2024-10-02 12:41:49.028152: Extracting episod 7
2024-10-02 12:41:49.030220: Extracting episod 8
2024-10-02 12:41:49.032274: Extracting episod 9
2024-10-02 12:41:49.034524: Extracting episod 10
2024-10-02 12:41:49.036611: Extracting episod 11
2024-10-02 12:41:49.037719: Extracting episod 12
2024-10-02 12:41:49.040283: Extracting episod 13
2024-10-02 12:41:49.042414: Extracting episod 14
2024-10-02 12:41:49.044479: Extracting episod 15
2024-10-02 12:41:49.046027: Extracting episod 16
2024-10-02 12:41:49.046545: Extracting episod 17
2024-10-02 12:41:49.046545: Extracting episod 18
2024-10-02 12:41:49.046545: Extracting episod 19
2024-10-02 12:41:49.046545: Extracting episod 20
2024-10-02 12:41:49.046545: Extracting episod 21
2024-10-02 12:41:49.056070: Extracting episod 22
2024-10-02 12:41:49.056070: Extracting episod 23
2024-10-02 12:41:49.056070: Extracting episod 24
2024-10-02 12:41:49.056070: Extracting episod 25
2024-10-02 12:41:49.072931: Extracting 25 episod successfuly
2024-10-02 12:41:49.081081: Sending 25 rows to MySQL table 'FairyTail'.
2024-10-02 12:41:49.091756: Successfully sent 25 rows to MySQL table 'FairyTail'.
2024-10-02 12:41:49.091756: There is(are) 171 episod(s) already in FairyTail table
2024-10-02 12:41:49.091756: There is(are) 154 episod(s) to extract
2024-10-02 12:41:49.111602: Extracting 50 episod(s) from season 5 in the following https://www.imdb.com/title/tt1528406/episodes/?season=5
2024-10-02 12:42:03.823468: Extracting episod 1
2024-10-02 12:42:03.839217: Extracting episod 2
2024-10-02 12:42:03.839217: Extracting episod 3
2024-10-02 12:42:03.839217: Extracting episod 4
2024-10-02 12:42:03.854819: Extracting episod 5
2024-10-02 12:42:03.854819: Extracting episod 6
2024-10-02 12:42:03.854819: Extracting episod 7
2024-10-02 12:42:03.870454: Extracting episod 8
2024-10-02 12:42:03.870454: Extracting episod 9
2024-10-02 12:42:03.870454: Extracting episod 10
2024-10-02 12:42:03.886073: Extracting episod 11
2024-10-02 12:42:03.886073: Extracting episod 12
2024-10-02 12:42:03.886073: Extracting episod 13
2024-10-02 12:42:03.886073: Extracting episod 14
2024-10-02 12:42:03.901693: Extracting episod 15
2024-10-02 12:42:03.901693: Extracting episod 16
2024-10-02 12:42:03.912795: Extracting episod 17
2024-10-02 12:42:03.917834: Extracting episod 18
2024-10-02 12:42:03.917834: Extracting episod 19
2024-10-02 12:42:03.926254: Extracting episod 20
2024-10-02 12:42:03.930251: Extracting episod 21
2024-10-02 12:42:03.930251: Extracting episod 22
2024-10-02 12:42:03.930251: Extracting episod 23
2024-10-02 12:42:03.930251: Extracting episod 24
2024-10-02 12:42:03.943615: Extracting episod 25
2024-10-02 12:42:03.943615: Extracting episod 26
2024-10-02 12:42:03.943615: Extracting episod 27
2024-10-02 12:42:03.943615: Extracting episod 28
2024-10-02 12:42:03.943615: Extracting episod 29
2024-10-02 12:42:03.959782: Extracting episod 30
2024-10-02 12:42:03.961913: Extracting episod 31
2024-10-02 12:42:03.964082: Extracting episod 32
2024-10-02 12:42:03.966813: Extracting episod 33
2024-10-02 12:42:03.969156: Extracting episod 34
2024-10-02 12:42:03.972158: Extracting episod 35
2024-10-02 12:42:03.974163: Extracting episod 36
2024-10-02 12:42:03.977454: Extracting episod 37
2024-10-02 12:42:03.980542: Extracting episod 38
2024-10-02 12:42:03.983527: Extracting episod 39
2024-10-02 12:42:03.985904: Extracting episod 40
2024-10-02 12:42:03.987548: Extracting episod 41
2024-10-02 12:42:03.990872: Extracting episod 42
2024-10-02 12:42:03.993972: Extracting episod 43
2024-10-02 12:42:03.993972: Extracting episod 44
2024-10-02 12:42:03.993972: Extracting episod 45
2024-10-02 12:42:03.993972: Extracting episod 46
2024-10-02 12:42:03.993972: Extracting episod 47
2024-10-02 12:42:03.993972: Extracting episod 48
2024-10-02 12:42:04.009686: Extracting episod 49
2024-10-02 12:42:04.012913: Extracting episod 50
2024-10-02 12:42:04.025557: Extracting 50 episod successfuly
2024-10-02 12:42:04.043844: Sending 50 rows to MySQL table 'FairyTail'.
2024-10-02 12:42:04.057430: Successfully sent 50 rows to MySQL table 'FairyTail'.
2024-10-02 12:42:04.057430: There is(are) 221 episod(s) already in FairyTail table
2024-10-02 12:42:04.057430: There is(are) 104 episod(s) to extract
2024-10-02 12:42:04.079519: Extracting 39 episod(s) from season 6 in the following https://www.imdb.com/title/tt1528406/episodes/?season=6
2024-10-02 12:42:17.748476: Extracting episod 1
2024-10-02 12:42:17.764126: Extracting episod 2
2024-10-02 12:42:17.764126: Extracting episod 3
2024-10-02 12:42:17.764126: Extracting episod 4
2024-10-02 12:42:17.779837: Extracting episod 5
2024-10-02 12:42:17.779837: Extracting episod 6
2024-10-02 12:42:17.779837: Extracting episod 7
2024-10-02 12:42:17.795379: Extracting episod 8
2024-10-02 12:42:17.795379: Extracting episod 9
2024-10-02 12:42:17.795379: Extracting episod 10
2024-10-02 12:42:17.812194: Extracting episod 11
2024-10-02 12:42:17.812194: Extracting episod 12
2024-10-02 12:42:17.823077: Extracting episod 13
2024-10-02 12:42:17.827188: Extracting episod 14
2024-10-02 12:42:17.827188: Extracting episod 15
2024-10-02 12:42:17.834291: Extracting episod 16
2024-10-02 12:42:17.834291: Extracting episod 17
2024-10-02 12:42:17.843304: Extracting episod 18
2024-10-02 12:42:17.843304: Extracting episod 19
2024-10-02 12:42:17.851705: Extracting episod 20
2024-10-02 12:42:17.857020: Extracting episod 21
2024-10-02 12:42:17.857537: Extracting episod 22
2024-10-02 12:42:17.857537: Extracting episod 23
2024-10-02 12:42:17.869212: Extracting episod 24
2024-10-02 12:42:17.871760: Extracting episod 25
2024-10-02 12:42:17.871760: Extracting episod 26
2024-10-02 12:42:17.877628: Extracting episod 27
2024-10-02 12:42:17.881603: Extracting episod 28
2024-10-02 12:42:17.885334: Extracting episod 29
2024-10-02 12:42:17.888237: Extracting episod 30
2024-10-02 12:42:17.890239: Extracting episod 31
2024-10-02 12:42:17.893504: Extracting episod 32
2024-10-02 12:42:17.895951: Extracting episod 33
2024-10-02 12:42:17.899335: Extracting episod 34
2024-10-02 12:42:17.901770: Extracting episod 35
2024-10-02 12:42:17.906008: Extracting episod 36
2024-10-02 12:42:17.909342: Extracting episod 37
2024-10-02 12:42:17.912832: Extracting episod 38
2024-10-02 12:42:17.915845: Extracting episod 39
2024-10-02 12:42:17.930889: Extracting 39 episod successfuly
2024-10-02 12:42:17.935144: Sending 39 rows to MySQL table 'FairyTail'.
2024-10-02 12:42:17.941912: Successfully sent 39 rows to MySQL table 'FairyTail'.
2024-10-02 12:42:17.945106: There is(are) 260 episod(s) already in FairyTail table
2024-10-02 12:42:17.947805: There is(are) 65 episod(s) to extract
2024-10-02 12:42:17.956662: Extracting 15 episod(s) from season 7 in the following https://www.imdb.com/title/tt1528406/episodes/?season=7
2024-10-02 12:42:30.699206: Extracting episod 1
2024-10-02 12:42:30.709823: Extracting episod 2
2024-10-02 12:42:30.709823: Extracting episod 3
2024-10-02 12:42:30.709823: Extracting episod 4
2024-10-02 12:42:30.725545: Extracting episod 5
2024-10-02 12:42:30.725545: Extracting episod 6
2024-10-02 12:42:30.725545: Extracting episod 7
2024-10-02 12:42:30.741107: Extracting episod 8
2024-10-02 12:42:30.741107: Extracting episod 9
2024-10-02 12:42:30.754135: Extracting episod 10
2024-10-02 12:42:30.757233: Extracting episod 11
2024-10-02 12:42:30.757233: Extracting episod 12
2024-10-02 12:42:30.757233: Extracting episod 13
2024-10-02 12:42:30.772959: Extracting episod 14
2024-10-02 12:42:30.772959: Extracting episod 15
2024-10-02 12:42:30.804088: Extracting 15 episod successfuly
2024-10-02 12:42:30.809789: Sending 15 rows to MySQL table 'FairyTail'.
2024-10-02 12:42:30.813532: Successfully sent 15 rows to MySQL table 'FairyTail'.
2024-10-02 12:42:30.813532: There is(are) 275 episod(s) already in FairyTail table
2024-10-02 12:42:30.813532: There is(are) 50 episod(s) to extract
2024-10-02 12:42:30.836257: Extracting 50 episod(s) from season 8 in the following https://www.imdb.com/title/tt1528406/episodes/?season=8
2024-10-02 12:42:44.518279: Extracting episod 1
2024-10-02 12:42:44.529904: Extracting episod 2
2024-10-02 12:42:44.529904: Extracting episod 3
2024-10-02 12:42:44.545629: Extracting episod 4
2024-10-02 12:42:44.545629: Extracting episod 5
2024-10-02 12:42:44.545629: Extracting episod 6
2024-10-02 12:42:44.561260: Extracting episod 7
2024-10-02 12:42:44.561260: Extracting episod 8
2024-10-02 12:42:44.561260: Extracting episod 9
2024-10-02 12:42:44.577480: Extracting episod 10
2024-10-02 12:42:44.577480: Extracting episod 11
2024-10-02 12:42:44.577480: Extracting episod 12
2024-10-02 12:42:44.593938: Extracting episod 13
2024-10-02 12:42:44.593938: Extracting episod 14
2024-10-02 12:42:44.593938: Extracting episod 15
2024-10-02 12:42:44.593938: Extracting episod 16
2024-10-02 12:42:44.608992: Extracting episod 17
2024-10-02 12:42:44.608992: Extracting episod 18
2024-10-02 12:42:44.608992: Extracting episod 19
2024-10-02 12:42:44.624628: Extracting episod 20
2024-10-02 12:42:44.629083: Extracting episod 21
2024-10-02 12:42:44.632089: Extracting episod 22
2024-10-02 12:42:44.636222: Extracting episod 23
2024-10-02 12:42:44.640272: Extracting episod 24
2024-10-02 12:42:44.644361: Extracting episod 25
2024-10-02 12:42:44.646244: Extracting episod 26
2024-10-02 12:42:44.646244: Extracting episod 27
2024-10-02 12:42:44.656361: Extracting episod 28
2024-10-02 12:42:44.660367: Extracting episod 29
2024-10-02 12:42:44.662365: Extracting episod 30
2024-10-02 12:42:44.665373: Extracting episod 31
2024-10-02 12:42:44.668380: Extracting episod 32
2024-10-02 12:42:44.671423: Extracting episod 33
2024-10-02 12:42:44.674752: Extracting episod 34
2024-10-02 12:42:44.677892: Extracting episod 35
2024-10-02 12:42:44.680819: Extracting episod 36
2024-10-02 12:42:44.683629: Extracting episod 37
2024-10-02 12:42:44.686531: Extracting episod 38
2024-10-02 12:42:44.690439: Extracting episod 39
2024-10-02 12:42:44.693673: Extracting episod 40
2024-10-02 12:42:44.696915: Extracting episod 41
2024-10-02 12:42:44.699012: Extracting episod 42
2024-10-02 12:42:44.701634: Extracting episod 43
2024-10-02 12:42:44.704390: Extracting episod 44
2024-10-02 12:42:44.707154: Extracting episod 45
2024-10-02 12:42:44.709232: Extracting episod 46
2024-10-02 12:42:44.711335: Extracting episod 47
2024-10-02 12:42:44.713921: Extracting episod 48
2024-10-02 12:42:44.716494: Extracting episod 49
2024-10-02 12:42:44.719111: Extracting episod 50
2024-10-02 12:42:44.721551: Extracting 50 episod successfuly
2024-10-02 12:42:44.739725: Sending 50 rows to MySQL table 'FairyTail'.
2024-10-02 12:42:44.739725: Successfully sent 50 rows to MySQL table 'FairyTail'.
2024-10-02 12:42:44.748311: There is(are) 325 episod(s) already in FairyTail table
2024-10-02 12:42:44.754182: There is(are) 0 episod(s) to extract
